reconfigureRate is 122, reconfigureDcRate is 40 
Case 0
stage, value
%Stage 0, 741, 741,0.1969298245614035, 0.1108935128518974
%Stage 1, 834, 1575,0.19583333333333344, 0.1509254864736598
%Stage 2, 636, 2211,0.18650793650793607, 0.14807114807114788
%Stage 3, 638, 2849,0.17803030303030287, 0.14610535794687085
%Stage 4, 439, 3288,0.1702898550724636, 0.14326521643594828
%Stage 5, 440, 3728,0.16319444444444411, 0.14029084687767335
%Stage 6, 441, 4169,0.16319444444444411, 0.1374921760901316
%Stage 7, 443, 4612,0.16319444444444411, 0.1359738668844427
%Stage 8, 447, 5059,0.16319444444444411, 0.13550189582917577
%Stage 9, 447, 5506,0.16319444444444411, 0.13550189582917577
%Stage 10, 447, 5953,0.16319444444444411, 0.13550189582917577
